0.000	40.125	29.522	28.545	20.558	24.104	15.284	16.453	15.108	157.693	138.775	165.448	194.023	173.169	247.321	495.687
572.106	0.000	290.732	34.952	21.175	22.913	16.998	16.940	15.974	13.103	14.824	109.101	125.771	196.549	201.026	224.805
602.767	750.362	0.000	279.420	215.770	21.431	20.747	17.113	14.542	15.775	11.380	16.283	19.075	156.056	126.284	155.821
302.436	446.502	491.305	0.000	267.034	214.370	144.950	20.213	16.592	14.707	13.330	11.815	17.231	16.561	20.349	156.754
19.121	332.104	335.244	427.174	0.000	253.821	236.302	124.567	92.161	19.605	15.789	15.664	13.337	18.099	18.308	19.969
22.675	23.580	24.426	434.533	493.176	0.000	312.427	274.480	136.365	150.603	121.672	16.136	12.284	11.746	13.272	17.025
16.023	23.949	19.186	27.173	36.496	549.040	0.000	300.483	144.748	148.856	128.753	108.470	203.284	13.967	13.799	14.260
13.744	16.765	20.896	21.808	31.516	32.854	42.189	0.000	182.477	252.035	110.948	131.389	161.160	86.794	132.477	16.172
11.953	102.721	163.757	280.277	156.956	150.190	253.001	154.962	0.000	30.446	28.730	21.131	20.272	20.318	15.551	12.427
16.191	12.793	15.200	138.654	159.035	188.529	160.665	253.850	240.639	0.000	221.084	27.791	22.522	21.432	20.176	15.287
16.557	14.538	14.677	16.371	15.440	143.464	220.418	319.483	217.570	310.050	0.000	251.325	179.436	26.530	20.949	20.625
20.531	18.565	14.237	11.937	17.544	15.565	20.488	178.326	325.458	464.180	503.484	0.000	398.642	206.101	238.181	19.908
151.050	20.709	17.084	15.252	14.716	17.747	16.476	17.771	24.824	328.309	413.824	425.801	0.000	459.373	234.852	182.215
186.432	193.207	91.655	15.728	13.140	11.585	12.981	17.952	17.912	20.691	24.321	443.110	627.370	0.000	237.795	289.689
177.169	163.291	146.836	70.113	97.248	16.035	13.604	14.625	16.058	20.535	21.451	26.763	33.994	619.187	0.000	328.183
192.755	175.846	101.734	136.512	100.219	116.769	96.066	14.199	11.719	15.571	24.108	22.364	22.604	33.482	39.270	0.000
