0.000	1819.304	1952.031	1918.391	1932.345	1986.608	1748.811	1945.572	1903.062	2215.139	2054.431	2033.301
1887.712	0.000	1947.691	2069.965	2050.510	1973.561	1936.769	1933.612	1954.348	1990.849	1897.865	1915.028
1902.454	1917.772	0.000	2268.089	2348.894	1993.939	2057.354	1947.940	1961.863	2073.009	1926.897	1836.523
2089.270	1991.010	2000.429	0.000	2243.740	2003.942	2040.570	1988.161	1951.462	2126.542	1966.787	1979.011
1960.232	1968.249	1979.260	2039.743	0.000	1859.604	2039.305	1927.652	2005.433	2039.227	1951.096	1924.021
1992.139	1919.565	1898.356	1863.761	1854.127	0.000	1720.260	1925.631	1957.032	1961.297	1981.425	2006.680
1835.083	1933.830	1969.986	1913.171	1931.795	1894.793	0.000	1694.184	1913.128	1959.220	1899.072	1858.500
1908.459	1834.128	1876.393	1910.534	1814.394	1795.405	1827.070	0.000	1780.113	1962.058	1881.266	1943.176
1951.362	1895.306	1847.467	1881.692	1932.904	2013.496	1931.840	1847.298	0.000	1929.251	1961.244	1975.046
1963.002	2037.715	1957.391	2022.071	2062.807	1987.212	1976.275	1862.705	1966.587	0.000	1915.118	1994.032
1978.806	1922.274	1873.751	1939.562	1834.142	1907.287	1846.460	1775.929	1988.732	1981.848	0.000	1880.288
1852.563	1945.860	1937.487	1937.412	1894.768	1976.270	1803.871	1935.730	1932.294	1937.345	1981.157	0.000
